13 0.078125 0.110937 0.050000 0.106250
13 0.219531 0.114062 0.107813 0.181250
13 0.353125 0.118359 0.125000 0.174219
13 0.906250 0.127344 0.106250 0.129688
13 0.624219 0.128125 0.039062 0.118750
13 0.627734 0.376172 0.049219 0.111719
13 0.201172 0.381250 0.077344 0.193750
13 0.934375 0.397266 0.090625 0.147656
13 0.522656 0.635547 0.082812 0.158594
13 0.281641 0.639453 0.072656 0.182031
13 0.732422 0.644141 0.042969 0.110156
13 0.938281 0.655469 0.060937 0.142187
13 0.605859 0.905859 0.058594 0.158594