10 0.094922 0.123438 0.155469 0.109375
10 0.788281 0.124219 0.120313 0.195312
10 0.521094 0.124609 0.132812 0.183594
10 0.380078 0.131250 0.113281 0.106250
10 0.923828 0.132031 0.113281 0.126562
10 0.248047 0.135547 0.114844 0.158594
10 0.614062 0.411328 0.118750 0.141406
10 0.331250 0.422266 0.118750 0.200781
10 0.078516 0.423047 0.053906 0.186719
10 0.756250 0.426172 0.125000 0.183594
10 0.472656 0.451953 0.110937 0.128906
10 0.732812 0.692969 0.140625 0.117188
10 0.288281 0.714063 0.114062 0.171875
10 0.661328 0.111328 0.110156 0.191406