19 0.070312 0.439453 0.075000 0.219531
19 0.775000 0.441016 0.062500 0.082031
19 0.915234 0.442188 0.107031 0.134375
19 0.494531 0.443750 0.082812 0.159375
19 0.641016 0.455469 0.083594 0.151562
19 0.366016 0.469531 0.077344 0.092188
19 0.771094 0.775391 0.085938 0.157031
19 0.075391 0.781641 0.108594 0.182031
19 0.642578 0.787891 0.058594 0.132031
19 0.224219 0.091406 0.076563 0.145313
19 0.069531 0.102344 0.110937 0.170313
19 0.350000 0.103906 0.075000 0.104688
19 0.921094 0.105859 0.085938 0.180469
19 0.630078 0.107031 0.089844 0.110937
19 0.484375 0.111719 0.140625 0.192188
19 0.769922 0.111719 0.097656 0.185938
