2 0.456641 0.310156 0.082031 0.117188
2 0.567969 0.324609 0.054688 0.146094
2 0.197266 0.333203 0.072656 0.125781
2 0.801953 0.335156 0.069531 0.170313
2 0.063672 0.342578 0.105469 0.122656
2 0.934766 0.342578 0.075781 0.138281
2 0.318750 0.349609 0.050000 0.105469
2 0.697656 0.577344 0.067187 0.085938
2 0.327344 0.583594 0.098437 0.132812
2 0.062109 0.585938 0.067969 0.153125
2 0.959375 0.588672 0.059375 0.136719
2 0.197266 0.594141 0.100781 0.097656
2 0.078516 0.069531 0.094531 0.120313
2 0.795312 0.082812 0.106250 0.137500
2 0.305469 0.829688 0.085938 0.165625
2 0.207031 0.086719 0.064062 0.151562
2 0.919531 0.091797 0.067187 0.161719