6 0.460938 0.108594 0.112500 0.164062
6 0.923828 0.110547 0.094531 0.127344
6 0.571094 0.111328 0.064062 0.107031
6 0.806250 0.111719 0.087500 0.135937
6 0.682813 0.120313 0.096875 0.131250
6 0.208203 0.358203 0.103906 0.153906
6 0.910156 0.360156 0.101562 0.145313
6 0.942969 0.619141 0.039062 0.085156
6 0.801172 0.619141 0.058594 0.097656
6 0.083984 0.620313 0.124219 0.162500
6 0.512500 0.621094 0.090625 0.151562
6 0.660937 0.621484 0.103125 0.158594
6 0.224609 0.627344 0.117969 0.151562
6 0.358203 0.628516 0.107031 0.157031
6 0.926562 0.871094 0.090625 0.139063
6 0.213672 0.879297 0.127344 0.161719
6 0.072266 0.882422 0.100781 0.167969
6 0.476953 0.885547 0.072656 0.117969
6 0.073828 0.105078 0.103906 0.144531
6 0.356641 0.106250 0.066406 0.103125