24 0.595703 0.330078 0.069531 0.119531
24 0.264844 0.350391 0.126562 0.200781
24 0.810156 0.351172 0.079687 0.092969
24 0.689453 0.352344 0.088281 0.182812
24 0.145313 0.352734 0.065625 0.164844
24 0.058984 0.379297 0.058594 0.152344
24 0.166016 0.611719 0.072656 0.142187
24 0.622266 0.621484 0.091406 0.124219
24 0.423047 0.626172 0.055469 0.152344
24 0.063672 0.627344 0.089844 0.139063
24 0.940625 0.630469 0.087500 0.148438
24 0.908594 0.071484 0.073438 0.124219
24 0.207031 0.075391 0.073438 0.103906
24 0.342187 0.076953 0.100000 0.128906
24 0.187109 0.888672 0.067969 0.174219
24 0.701562 0.891016 0.075000 0.122656
24 0.076953 0.893359 0.082031 0.171094
24 0.578516 0.894141 0.116406 0.178906
24 0.810937 0.894531 0.059375 0.107813
24 0.444531 0.895312 0.048438 0.059375
24 0.308203 0.900000 0.057031 0.106250
24 0.935937 0.902344 0.075000 0.070312