19 0.506641 0.112500 0.078906 0.075000
19 0.936328 0.341797 0.075781 0.130469
19 0.800391 0.351562 0.113281 0.134375
19 0.082812 0.358594 0.090625 0.135937
19 0.368750 0.357812 0.065625 0.096875
19 0.330078 0.575000 0.072656 0.081250
19 0.498047 0.613281 0.111719 0.132812
19 0.219531 0.614062 0.054688 0.087500
19 0.812109 0.618750 0.077344 0.103125
19 0.077344 0.650781 0.067187 0.073438
19 0.076563 0.089453 0.068750 0.069531
19 0.301172 0.898047 0.067969 0.074219
19 0.221094 0.092969 0.110937 0.104688
19 0.662500 0.094141 0.084375 0.122656
19 0.950781 0.096875 0.076563 0.146875
19 0.369922 0.104688 0.086719 0.125000