24 0.775781 0.146094 0.070312 0.151562
24 0.641406 0.150781 0.095312 0.204687
24 0.061719 0.150391 0.085938 0.203906
24 0.924609 0.155469 0.117969 0.232813
24 0.191797 0.156250 0.086719 0.178125
24 0.498828 0.191016 0.091406 0.163281
24 0.785937 0.471875 0.068750 0.131250
24 0.234766 0.479297 0.097656 0.199219
24 0.651172 0.483984 0.064844 0.130469
24 0.092969 0.483203 0.110937 0.207031
24 0.187500 0.796484 0.062500 0.142969
24 0.069531 0.795703 0.117188 0.225781
24 0.609766 0.796484 0.113281 0.196094
24 0.327344 0.803125 0.101562 0.193750
24 0.914453 0.805859 0.053906 0.105469