2 0.689844 0.543359 0.117188 0.082031
2 0.675391 0.432031 0.146094 0.054688
2 0.666797 0.802734 0.125781 0.072656
2 0.664844 0.198047 0.170313 0.069531
2 0.657422 0.936328 0.122656 0.105469
2 0.657422 0.065234 0.138281 0.075781
2 0.650391 0.681250 0.105469 0.050000
2 0.422656 0.302344 0.085938 0.067187
2 0.416406 0.672656 0.132812 0.098437
2 0.414062 0.937891 0.153125 0.067969
2 0.411328 0.040625 0.136719 0.059375
2 0.405859 0.802734 0.097656 0.100781
2 0.930469 0.921484 0.120313 0.094531
2 0.917188 0.204688 0.137500 0.106250
2 0.170312 0.694531 0.165625 0.085938
2 0.913281 0.792969 0.151562 0.064062
2 0.908203 0.080469 0.161719 0.067187
